####003
000 000 000 000 000 000 000 000 000 000
000 001 000 000 000 000 000 000 000 000
000 002 000 000 000 000 000 000 000 000
000 003 000 000 000 000 000 000 000 000
001 000 001 001 000 000 000 000 000 000
001 001 001 000 000 000 000 000 000 000
001 002 000 000 000 000 000 000 000 000
001 003 000 000 000 000 000 000 000 000
002 000 000 000 000 000 000 000 000 000
002 001 000 000 000 000 000 000 000 000
002 002 000 000 000 000 000 000 000 000
002 003 000 000 000 000 000 000 000 000
003 000 000 000 000 000 000 000 000 000
003 001 000 000 000 000 000 000 000 000
003 002 000 000 000 000 000 000 000 000
003 003 000 000 000 000 000 000 000 000
004 000 000 000 000 000 000 000 000 000
004 001 000 000 000 000 000 000 000 000
004 002 000 000 000 000 000 000 000 000
004 003 000 000 000 000 000 000 000 000
005 000 000 000 000 000 000 000 000 000
005 001 000 000 000 000 000 000 000 000
005 002 000 000 000 000 000 000 000 000
005 003 000 000 000 000 000 000 000 000
006 000 000 000 000 000 000 000 000 000
006 001 000 000 000 000 000 000 000 000
006 002 000 000 000 000 000 000 000 000
006 003 000 000 000 000 000 000 000 000
007 000 000 000 000 000 000 000 000 000
007 001 000 000 000 000 000 000 000 000
007 002 000 000 000 000 000 000 000 000
007 003 000 000 000 000 000 000 000 000
008 000 000 000 000 000 000 000 000 000
008 001 000 000 000 000 000 000 000 000
008 002 000 000 000 000 000 000 000 000
008 003 000 000 000 000 000 000 000 000
009 000 000 000 000 000 000 000 000 000
009 001 000 000 000 000 000 000 000 000
009 002 000 000 000 000 000 000 000 000
009 003 000 000 000 000 000 000 000 000
010 000 000 000 000 000 000 000 000 000
010 001 000 000 000 000 000 000 000 000
010 002 000 000 000 000 000 000 000 000
010 003 000 000 000 000 000 000 000 000
011 000 000 000 000 000 000 000 000 000
011 001 000 000 000 000 000 000 000 000
011 002 000 000 000 000 000 000 000 000
011 003 000 000 000 000 000 000 000 000
012 000 000 000 000 000 000 000 000 000
012 001 000 000 000 000 000 000 000 000
012 002 000 000 000 000 000 000 000 000
012 003 000 000 000 000 000 000 000 000
013 000 000 000 000 000 000 000 000 000
013 001 000 000 000 000 000 000 000 000
013 002 000 000 000 000 000 000 000 000
013 003 000 000 000 000 000 000 000 000
014 000 000 000 000 000 000 000 000 000
014 001 000 000 000 000 000 000 000 000
014 002 000 000 000 000 000 000 000 000
014 003 000 000 000 000 000 000 000 000
015 000 000 000 000 000 000 000 000 000
015 001 000 000 000 000 000 000 000 000
015 002 000 000 000 000 000 000 000 000
015 003 000 000 000 000 000 000 000 000
016 000 000 000 000 000 000 000 000 000
016 001 000 000 000 000 000 000 000 000
016 002 000 000 000 000 000 000 000 000
016 003 000 000 000 000 000 000 000 000
017 000 000 000 000 000 000 000 000 000
017 001 000 000 000 000 000 000 000 000
017 002 000 000 000 000 000 000 000 000
017 003 000 000 000 000 000 000 000 000
018 000 000 000 000 000 000 000 000 000
018 001 000 000 000 000 000 000 000 000
018 002 000 000 000 000 000 000 000 000
018 003 000 000 000 000 000 000 000 000
019 000 000 000 000 000 000 000 000 000
019 001 000 000 000 000 000 000 000 000
019 002 000 000 000 000 000 000 000 000
019 003 000 000 000 000 000 000 000 000
020 000 000 000 000 000 000 000 000 000
020 001 000 000 000 000 000 000 000 000
020 002 000 000 000 000 000 000 000 000
020 003 000 000 000 000 000 000 000 000
021 000 000 000 000 000 000 000 000 000
021 001 000 000 000 000 000 000 000 000
021 002 000 000 000 000 000 000 000 000
021 003 000 000 000 000 000 000 000 000
022 000 000 000 000 000 000 000 000 000
022 001 000 000 000 000 000 000 000 000
022 002 000 000 000 000 000 000 000 000
022 003 000 000 000 000 000 000 000 000
023 000 000 000 000 000 000 000 000 000
023 001 000 000 000 000 000 000 000 000
023 002 000 000 000 000 000 000 000 000
023 003 000 000 000 000 000 000 000 000
024 000 000 000 000 000 000 000 000 000
024 001 000 000 000 000 000 000 000 000
024 002 000 000 000 000 000 000 000 000
024 003 000 000 000 000 000 000 000 000
025 000 000 000 000 000 000 000 000 000
025 001 000 000 000 000 000 000 000 000
025 002 000 000 000 000 000 000 000 000
025 003 000 000 000 000 000 000 000 000
026 000 000 000 000 000 000 000 000 000
026 001 000 000 000 000 000 000 000 000
026 002 000 000 000 000 000 000 000 000
026 003 000 000 000 000 000 000 000 000
027 000 000 000 000 000 000 000 000 000
027 001 000 000 000 000 000 000 000 000
027 002 000 000 000 000 000 000 000 000
027 003 000 000 000 000 000 000 000 000
028 000 000 000 000 000 000 000 000 000
028 001 000 000 000 000 000 000 000 000
028 002 000 000 000 000 000 000 000 000
028 003 000 000 000 000 000 000 000 000
029 000 000 000 000 000 000 000 000 000
029 001 000 000 000 000 000 000 000 000
029 002 000 000 000 000 000 000 000 000
029 003 000 000 000 000 000 000 000 000
